0
0
0
0
0
0
0
0
0
1 17 30 77 747 753 762 784
2
2
2
2
2
2
2
2
2
3
3
3
3
3
3
3
3
4
4
4
4
4
4
4
4
5
5
5
5
5
5
5
5
5
6
6
6
6
6
6
6
6
6
7
7
7
7
7
7
7
7
8
8
8
8
8
8
9
9
9
9
9
9
9
9
9
10
10
10
10
10
10
10
10
10
11
11
11
11
12
12
12
12
12
12
12
12
12
12
13
13
13
13
13
14
14
14
14
14
14
15
16 2123
16 2123
16 2123
16 2123
16 2123
16 2123
16 2123
16 2123
16 2123
16 2123
18
18
18
18
18
18
18
18
19
19
19
19
19
19
19
20
20
21
21
21
22
22
22
22
22
22
22
22
22
23
23
23
23
23
23
23
23
23
23
24
24
24
24
24
24
24
24
24
24
25
25
25
25
25
25
25
25
25
26
26
26
26
26
26
26
26
26
27
27
27
27
27
27
27
27
27
27
28
28
28
28
28
28
28
28
28
28
29
29
29
29
29
29
29
29
29
31
31
31
32
32
32
32
33
33
33
33
33
33
33
33
33
33
35
35
38
38
38
38
38
38
38
38
38
38
39
39
39
39
39
39
39
39
43
43
43
43
43
43
44
44
44
44
44
44
44
44
44
45
45
45
45
45
46
46
47
47
47
47
47
49
49
49
49
49
49
49
49
49
49
49
49
49
49
49
49
49
51
51
51
51
51
51
51
51
51
53
53
53
53
53
53
53
53
53
54
54
54
54
54
56
56
56
56
58
58
58
58
58
60
60
60
61
61
61
61
61
61
61
61
61
62
62
62
62
62
62
62
63
65
65
65
65
65
65
66
66
66
66
66
67
67
67
67
67
67
68
68
68
68
68
69
69
69
70
70
70
70
70
70
70
72
72
72
73
73
73
73
73
73
73
73
73
74
74
74
75
75
75
75
75
75
75
75
76
78
78
78
79
79
79
79
79
79
79
79
79
80
80
80
80
80
80
80
80
80
80
81
81
81
81
81
81
81
81
81
82
82
82
83
83
83
83
83
83
83
83
83
83
86
86
86
86
86
86
86
87
87
87
87
87
87
87
87
92
92
92
92
92
98 2694
98 2694
98 2694
99 2695
99 2695
101
101
101
101
101
101
103
104
104
104
104
104
104
104
104
105
105
105
105
105
105
105
105
105
106
106
106
106
106
106
107
107
107
107
107
107
107
107
107
107
108
108
108
108
108
108
108
108
108
109
110
110
110
110
110
110
110
111
111
111
111
111
111
111
111
111
112
112
112
112
112
112
112
112
112
116
116
116
119
119
119
119
119
119
119
119
119
119
120
120
120
120
120
120
121
121
121
121
122
122
122
122
122
122
122
122
122
122
124
124
124
124
124
124
124
124
124
124
125
125
125
125
125
125
126
126
126
127
127
128
128
128
128
128
128
128
128
130
130
130
133
133
133
133
133
133
140
140
146
146
146
146
146
146
146
146
146
148
148
148
150
150
150
150
150
150
151
151
151
151
151
151
151
151 2051 2228 2486
152
152
152
153 2091 2112
153
153 1910 1914 1919 1924 2081 2092 2103 2215 2485 2688
153 270 2106
153
153 2232
154
154
154
154
154
154
154
154
155
155
156
156
156
156
156
156
156
156
160 2806
160 2806
161
161
161
161
161
161
161
162 2808
163
163
163
163
163
163
163
163
165 2811
165 2811
165 2811
167
168
168
168
168
168
168
168 2382
168
168
168
170
170
170
170
170
170
170
170
170
170
172
172
172
172
175
177
177
177
177
178
178
180
180
180
181
181
181
181
183
183
183
184
184
184
185
185
186
186
186
186
186
186
187
187
187
187
187
187
187
187
187
187
188
188
188
188
188
188
188
188
189
189
189
189
189
189
189
189
189
189
192
192
192
192
192
194
194
194
194
194
196
196
196
196
199
199
202
202
202
202
202
202
202
202
202
203
203
203
203
203
203
203
205 2410
208 2413
208 2413
209 236 2414 2441
209 236 2414 2441
209 236 2414 2441
209 236 2414 2441
211
213
213
214
214
216 243 2421 2448
216 222 243 249 2421 2427 2448 2454
216 243 2421 2448
216 243 2421 2448
218
219
219
219
220
221
221
222 249 2427 2454
222 249 2427 2454
222 249 2427 2454
222 249 2427 2454
223
223
224
225
225
225
225
225
226
226
226
228 2433
228 230 2433 2436
228 2433
228 229 233 258 259 2433 2435 2438 2461 2464
229 2435
229 2435
229 232 2435 2439
229 258 2435 2464
229 255 257 2435 2460 2465
229 2435
230 2436
230 2436
230 2436
230 2436
230 2436
230 2436
230 2436
230 231 255 260 2436 2437 2460 2462
230 2436
231 2437
231 260 2437 2462
231 2437
231 2437
231 2437
231 2437
231 2437
232 2439
232 2439
232 2439
232 233 234 2434 2438 2439
232 2439
232 2439
232 2439
232 2439
233 2438
233 2438
233 2438
233 2438
233 2438
234 2434
234 2434
234 2434
234 2434
234 2434
234 2434
234 2434
234 2434
234 2434
235 2440
235 2440
235 2440
235 2440
239
241
241
244
244
244
245
246
247
248
251
252
255 2460
255 2460
255 2460
255 2460
255 2460
255 2460
255 2460
255 2460
256 2463
256 2463
256 2463
256 259 2461 2463
256 2463
256 2463
256 2463
256 2463
257 2465
257 2465
257 2465
257 2465
257 2465
257 2465
257 2465
257 2465
257 2465
258 260 2462 2464
258 2464
258 2464
258 2464
258 2464
258 2464
258 2464
258 2464
259 2461
259 2461
259 2461
259 2461
259 2461
259 2461
260 2462
260 2462
260 2462
260 2462
260 2462
260 2462
261 2466
261 2466
261 2466
261 2466
261 2466
261 2466
262
262
262
262
262
262
262
262
262
264 2469
264 2469
264 2469
264 2469
264 2469
264 2469
267
267
267
268
268
268
268 1910 1919 2216 2477 2478
268
268
269
269
269
269
270
270
270
270
271 2479
271 2479
271 2479
271 2479
272
273
273
273
273
274
274
274 2482
274
274
274
275
275
275
275
275
275
276 2478
276 2082 2107 2108 2118
276
277
277 1661 1909 1910 1911 1924 2080 2094 2113 2211 2478
277
277
277
277
277
277 2473
278
278
278
278
278
278
278
281
281
281
281
281
281
281
281
282
282
282
283
283
283
283
283
283
283
283
283
284
284
284
284
284
284
284
284
285
285
287
287
287
287
287
288
288
288
288
288
288
289
289
289
289
289
291
291
291
291
291
291
291
292
292
292
292
292
293
293
293
293
295
295
295
295
295
297
297
297
297
297
297
297
297
297
298
298
298
298
298
298
298
298
299
299
299
301
301
301
301
301
301
303
303
303
303
303
303
303
307
307
307
307
307
307
307
307
315
315
315
315
315
317
317
317
317
318
318
321
321
321
321
321
321
321
321
321
321
323
323
323
323
323
323
323
323
323
323
324
324
324
324
324
324
324
324
324
325
325
325
325
325
325
325
325
326
326
326
326
326
328
328
328
328
328
328
328
328
328
329
329
329
329
329
329
329
329
329
330
330
330
332
332
332
332
332
332
332
332
332
335
335
335
335
335
335
335
335
336
336
336
336
336
336
336
337
337
337
337
337
337
337
340
340
340
340
340
340
341
341
341
341
341
341
342
343
344
344
347
347
347
347
347
347
347
347
349
349
349
349
349
349
350
350
351
351
351
351
351
351
351
353
353
353
353
353
358
358
358
358
364
364
364
364
364
364
364
364
364
364
365
365
365
365
365
365
365
368
368
368
368
368
368
368
368
369
369
369
369
369
369
369
370
370
370
370
370
372
372
372
372
372
372
372
372
372
373 2623
374
374
374
374
374
374
374
374
374
374
375
375
375
377
377
378
380
380
380
380
380
380
380
381
381
381
381
381
381
381
381
381
382
382
382
382
382
382
382
382
382
382
383
383
383
384
384
384
384
384
384
384
384
385
385
385
385
385
385
385
385
386
386
387
387
387
387
387
387
387
387
387
387
388
388
388
388
388
390
390
390
390
390
390
390
390
391
391
391
391
391
391
391
391
391
393
393
393
393
394
394
394
396 1773
396 408 465 466 468 482 528
396 455 468 482 499 506 526
396
397
397 461
397
397
397 408 419 424 456 457 458 460 465 468 474 475 493 496
397 439 444 528
398
398
398
398
398
398
399
399
399
400
400
400
400
400 493
400
400
401
401
401
401
402
402
402
402
402
404
404
404
404
404
404
404
405
405
405
405
405
405
405
406
406
406
406
407
407
407
407
407
408
408
408 499
408 465
408
408
408
408
408
409
409
409
409
409
409
410
410
410
410
410
410
410
410
410
410
411
411
411
411
411
411
411
411
411
413
413
413
413
413
413
414
414 419 444 513 535 1886 1895
414
414
415 439
415
415
416
416
416
416
416
416
417
417
417
417
417
417
417
418
418
418
419
419
419
419 511 513
419
419
420
420
420
420
422
422
422
422
423
423
423
423
423
423
423
424
424
424
425
425
426
426
426
427
427
427
427
428
428
428 433
428
429
429
429
429
429
431
431
431
432
432
432
432
432
432
432
432
433
433
433
434
434
434
435
435
435
435
437
438
438
438
438
438
438
439
439
439
439
439
440
440
440
440
440 466
440
440
441
441
441
441
441
441
442
442
442
442
442
442
442
442
442
442
443
443
443
443
443
444
444
444
444
444
444
444
446
446 450 455 494 535
446 513
446
446
447
447
447
447
447
447
447
448
448
448
449
449
449
449
449
450
450
450
450
451
451
451
451
451
451
451
451
451
451
451
452
452
452
452
452
452
452
453
453
453
453
455 464 468 482 526
455
456
456
456
456
457
457
457
457
457
458
458
458
459
459
459
459
460
461
461
461
462
462
462
462
462
464
464
464
464
465
465
465 468
465
465
465
465
465
466
466
466
466
467
467
467
467
467 533
467
467
468
468
468
468
468
468
469
469
469
469
470
470
470
470
470
470
470
471
471
471
471
471
471
473
473
473
473
473
474
474
474
474
474
474
474
475
475
475
475
475
475
475
475
475
475
475
476
476
476
476
476
476
476
477
477
477
478
478
478
478
478
478
478
479
479
479
479
479
480
480
480
480
482
482
482
483
483
483
483
483
484
484
484
484
484
485
485
485 547
485
485
485
486
486
486
486
486
486
487
487
487
487
487
487
488
488
488
488
488
488
489
489
489
489
489
491
492
492
492
492
492
492
492
493
493 1888
493
494
494
494
494
494
494
494
494
494
494
495
495
495
495
495
495
495
495
496
496
496
496
496
497
497
497
497
497
499
499
500
500
500
500
500
501
501
501
501
501
501
501
502
502
502
502
502
502
503
503
503
503
503
504
504
504
504
504
504
504
504
505
505
505
505
505
506
506
506
506
506
506
506
506
508
508
508
508
509
509
510
510
510
510
510
511
511
511
511
511
511
511
512
512
512
512
512
512
513
513
513
513
514
514
515
515
515
515
515
515
515
517
517
517
518
518
518
518
518
519 521
519 520
519
519
519
520
521
521
523
523
523
524
524
524
524
524
526
526
526
526
526
527
527
527
527
528
528
528
529
529
529
529
530
530
530
530
530
531
531
531
531
532
533
533
533
535
535
536
536
536
536
536
536
536
536
536
537
537
537
537
537
537
537
537
538
538
538
538
538
538
539
539
539
539
540
540
540
541
541
541
542
542
542
542
542
542
544
544
544
544
544
544
545
545
545
545
545
545
545
546
546
546
546
546
546
546
546
546
546
547
547
547
547
547
547
548
548
548
548
548
548
549
549
549
550
550
550
550
550 1788
550
551
551
551
551
551
551
552
552
552
552
552
552
552
553
553
553
553
553
554
554
554
554
554
554
554
555
555
555
555
555
555
555
556
557
557
557
557
557
558
558
558
558
559
559
559
559
559
559
559
559
559
561
561
561
561
561
561
561
561
562
562
562
562
562
562
562
562
564
564
564
564
564
564
564
564
564
564
565
566
566
566
566
566
566
566
566
566
567
567
567
567
567
567
568
569
569
569
569
569
569
569
569
569
569
569
569
569
570
570
570
571
571
571
571
571
571
572
572
572
572
572
572
572
572
572
573
573
575
575
575
575
575
575
575
575
575
576
576
576
576
576
576
576
576
576
576
577
577
577
577
577
577
578
578
578
578
578
579 1463
580
580
580
580
580
581
581
581
581
581
581
581
581
582
582
582
582
582
582
582
582
582
582
583
584
584
584
584
584
584
584
584
584
584
585
585
587
588
588
588
589
589
589
591
591
592
592
592
592
592
592
592
592
594
594
594
595
595
595
595
595
596
596
596
596
596
596
596 1738
597
597
597
597
597
598
598
598
598
599
599
599
599
599
600
600
600
600
600
600
600
601
602
602
602
603
603
604
605
610
610
610
610
610
611
50 613 1730
613 1730 3132
613
614
614
614
614
615
615
615
616
616
616
616
616
616
617
617
617
617
617
618
618
618
618
618
619
619
619
619
620
620
620
620
620
621
621
621
621
621
621
621
625
625
625
625
625
625
625
625
626
626
626
626
627
627
629
629
629
629
629
629
629
629
629
629
631
634
634
634
634
634
638
638
638
638
638
638
641
641
641
642
642
642
642
642
642
642
642
643
643
643
643
643
643
644
645
645
645
645
646
646
646
646
647
649
649
649
649
651
651
651
651
651
653
653
653
653
653
653
653
653
653
653
654
654
654
654
654
654
654
654
656
656
656
656
656
656
656
656
656
661
661
661
661
661
661
661
661
661
661
662
662
662
662
662
662
662
662
662
662
670
670
670
670
670
670
675
675
675
675
675
675
675
676
676
680
680
680
680
680
681
681
681
681
681
681
681
681
681
687
687
687
690
690
690
690
692
692
692
692
692
692
696
696
696
697
697
705
705
705
705
705
705
705
707
707
707
707
707
707
707
707
707
707
708
708
708
708
708
710
710
711
711
711
713
713
713
717
721
721
721
721
721
721
721
721
722
722
722
722
722
722
722
722
723
723
723
723
723
723
723
723
723
724
724
724
724
724
724
724
724
724
727
727
727
727
727
727
728
728
728
728
728
731
733
733
733
733
733
733
733
733
733
734
734
734
734
734
734
734
734
734
735
735
735
735
735
735
735
735
735
735
738
738
738
738
738
738
739
739
739
739
739
739
739
741
741
741
741
741
741
741
741
741
742
742
742
742
742
743
743
743
743
744
744
744
744
744
744
744
744
744
745
745
745
745
745
745
745
746
746
746
746
751
751
751
751
751
751
751
751
751
751
752
752
752
752
752
752
752
752
754
754
754
754
754
754
754
754
755
755
755
755
755
755
755
756
756
756
756
756
756
756
756
757
757
757
757
757
757
757
757
758
758
758
758
758
758
759
759
759
759
759
763
763
763
763
763
763
763
764
764
765
765
765
765
765
767
767
767
767
767
767
767
767
767
768
768
768
768
768
768
769
770
771
771
771
771
771
771
771
771
772
772
772
772
772
772
773
773
773
773
773
773
773
773
774
774
776
776
776
776
776
776
776
776
777
777
777
777
777
777
777
777
777
777
778
778
778
778
778
778
778
779
779
779
779
779
779
779
779
779
780
780
780
780
780
780
780
780
780
780
781
781
781
781
781
781
781
781
781
781
782
782
782
782
782
782
782
783
783
783
785
785
785
785
785
786
786
786
786
786
786
786
786
786
786
787
787
787
787
787
789
789
789
789
789
789
789
790
790
790
790
790
790
790
790
790
792
792
792
792
792
792
792
792
793
793
793
793
793
793
793
793
793
793
794
794
794
794
794
794
794
794
794
795
795
795
795
795
795
796
796
798
798
798
798
799
799
799
799
800
800
800
800
800
800
800
800
800
803
803
804
804
806
806
806
806
806
806
806
806
807
807
807
807
807
807
807
807
807
809
809
809
809
809
809
809
809
812
814
814
814
814
814
814
814
814
817
817
817
817
817
819
820
821
821
821
821
821
821
821
821
827
829
829
829
829
829
829
829
829
829
829
830
830
830
830
830
830
830
830
830
830
832
832
832
832
832
833
833
833
833
833
833
834
834
834
834
834
834
837
837
837
837
838
838
838
838
838
838
838
838
840
840
841
841
841
841
841
841
842
842
844
844
844
844
844
844
844
845
845
845
845
845
847
847
847
848
848
848
848
848
848
848
849
849
849
849
849
849
849
849
849
849
850
850
850
850
850
851
852
852
852
852
853
853
853
853
853
853
853
853
854
854
854
854
854
856
856
856
856
856
856
856
857
857
857
857
857
857
857
857
857
857
860
860
861
861
861
861
861
861
861
861
861
862
862
862
862
862
862
862
862
862
863
863
863
863
864
866
866
866
866
866
866
866
866
866
866
867
867
867
867
867
867
867
867
868
868
868
868
868
868
868
868
868
868
869
869
869
870
870
870
870
870
870
870
870
870
871
871
871
871
872
872
872
875
875
875
875
875
875
876
876
876
876
877
879
879
880
880
880
880
880
880
880
882
882
882
882
882
882
882
883
883
883
883
886
886
886
886
886
886
887
887
887
888
889
889
889
889
892
893
893
893
893
893
893
894
894
894
895
895
895
895
895
895
895
896
896
896
896
896
900
901
902
902
906
906
906
906
906
906
909
909
909
909
909
909
909
909
912
914
914
914
914
914
914
914
914
914
915
915
915
915
915
915
915
915
915
916
916
916
916
916
918
918
918
918
918
919
919
919
919
919
919
919
919
919
919
920
920
920
920
921
921
921
921
921
921
923
923
923
923
923
924
925
925
925
925
925
925
925
926
926
926
926
927
927
927
927
927
927
927
927
927
927
928
928
929
929
929
929
929
930
930
930
930
930
931
931
932
933
933
933
933
933
933
933
933
934
934
934
935
935
935
935
936
936
936
936
938
938
938
939
939
939
939
940
940
940
940
942
942
942
943
943
943
943
943
943
943
943
943
943
946
946
946
946
946
946
946
946
947
947
947
947
947
947
947
948
948
948
948
948
948
948
948
948
949
949
949
949
949
951
952
952
952
952
952
952
952
952
952
953
953
953
953
953
953
953
953
953
953
954
954
957
957
957
957
957
957
957
957
957
958
958
958
958
958
958
959
959
959
959
959
959
959
959
960
960
960
960
960
960
960
960
960
960
961
961
961
961
961
961
961
961
961
965
965
965
965
965
965
965
965
965
966
966
966
966
966
966
966
966
966
966
969
970
970
970
970
970
970
970
972
972
972
972
972
972
972
972
972
972
973
973
973
979
979
979
981
981
981
981
981
981
981
981
981
982
982
982
982
982
982
982
982
982
983
983
983
983
983
983
983
984
984
984
984
984
984
986
987
987
987
988
989
989
989
989
989
989
989
990
990
990
990
990
990
990
990
990
990
991
991
991
991
991
991
992
992
992
992
992
992
992
994
994
994
994
994
994
994
994
994
995
995
995
995
1000
1000
1000
1000
1001
1001
1001
1001
1001
1001
1001
1001
1002
1002
1002
1002
1002
1002
1002
1005
1005
1005
1005
1005
1005
1005
1006
1006
1006
1006
1006
1006
1007
1007
1007
1007
1007
1007
1007
1007
1007
1007
1010
1010
1010
1010
1011
1011
1012
1012
1012
1012
1015
1015
1015
1016
1016
1016
1016
1016
1016
1016
1016
1017
1017
1018
1018
1018
1018
1018
1018
1018
1019
1019
1019
1019
1019
1019
1021
1021
1021
1021
1023
1023
1023
1024
1024
1024
1024
1024
1024
1024
1024
1024
1025
1026
1027
1027
1027
1027
1027
1031
1031
1032
1032
1032
1032
1032
1034
1034
1034
1034
1034
1034
1034
1034
1034
1037
1038
1038
1039
1039
1040
1040
1040
1040
1040
1041
1041
1041
1041
1041
1041
1043
1043
1043
1043
1043
1043
1045
1045
1045
1045
1045
1045
1045
1049
1050
1050
1051
1051
1051
1052
1052
1052
1054
1054
1054
1054
1056
1056
1056
1056
1056
1058
1058
1060
1060
1060
1061
1061
1061
1061
1061
1061
1065
1065
1066
1066
1066
1066
1066
1068
1068
1068
1068
1070
1070
1070
1071
1071
1071
1071
1071
1071
1071
1071
1071
1072
1072
1072
1073
1073
1073
1073
1073
1073
1073
1073
1074
1074
1074
1074
1074
1074
1075
1075
1075
1076
1076
1076
1076
1076
1076
1076
1076
1080
1080
1080
1081
1081
1081
1081
1081
1082
1082
1082
1082
1082
1082
1082
1082
1085
1085
1085
1085
1086
1086
1089
1089
1089
1089
1089
1089
1089
1091
1091
1091
1095
1095
1095
1095
1095
1095
1095
1098
1098
1098
1098
1098
1098
1098
1098
1099
1099
1100
1100
1102
1102
1102
1102
1102
1102
1102
1102
1102
1102
1103
1103
1104
1104
1104
1104
1105
1105
1106
1106
1106
1107
1107
1107
1107
1107
1107
1108
1108
1108
1108
1108
1108
1108
1108
1108
1109
1109
1109
1109
1110
1110
1110
1110
1110
1110
1110
1110
1110
1110
1113
1115
1115
1115
1115
1115
1115
1117
1117
1119
1119
1119
1119
1119
1119
1119
1119
1119
1120
1120
1120
1120
1122
1122
1123
1123
1123
1123
1123
1123
1123
1129
1129
1129
1129
1133
1133
1133
1133
1133
1133
1133
1133
1133
1134
1136
1136
1136
1136
1136
1136
1136
1137
1137
1137
1137
1137
1137
1137
1137
1137
1138
1138
1138
1138
1138
1138
1138
1138
1138
1140
1140
1140
1140
1140
1140
1140
1140
1140
1140
1143
1143
1143
1143
1143
1143
1143
1144
1144
1144
1144
1144
1144
1144
1144
1144
1144
1145
1145
1145
1145
1145
1145
1145
1145
1145
1146
1146
1146
1146
1146
1146
1146
1146
1146
1146
1147
1147
1147
1147
1147
1147
1147
1147
1147
1147
1148
1148
1148
1148
1148
1148
1148
1148
1148
1148
1149
1149
1149
1149
1149
1149
1151
1151
1151
1151
1151
1151
1151
1151
1151
1152
1152
1153
1153
1153
1153
1153
1153
1153
1153
1153
1153
1154
1154
1154
1154
1154
1154
1154
1154
1154
1154
1155
1157
1157
1157
1157
1157
1157
1157
1157
1158
1158
1158
1158
1158
1158
1158
1158
1158
1158
1159
1159
1160
1160
1160
1160
1161
1163
1163
1163
1163
1163
1163
1164
1164
1164
1164
1164
1164
1164
1164
1164
1164
1165
1165
1165
1167
1167
1167
1167
1167
1167
1167
1167
1168
1168
1168
1168
1168
1168
1170
1170
1170
1170
1171
1171
1171
1171
1172
1172
1172
1172
1172
1172
1172
1172
1172
1173
1173
1173
1173
1173
1173
1173
1173
1173
1173
1174
1174
1174
1174
1174
1174
1175
1177
1177
1177
1177
1177
1177
1177
1177
1177
1177
1178
1179
1179
1179
1179
1179
1179
1181
1181
1181
1183
1184
1184
1184
1184
1184
1184
1184
1184
1184
1190
1191
1191
1192
1192
1192
1192
1192
1192
1192
1193
1193
1193
1193
1193
1193
1195
1195
1195
1196
1196
1196
1196
1196
1196
1196
1196
1196
1196
1199
1199
1199
1199
1199
1201
1202
1204
1204
1205
1205
1205
1205
1207
1207
1209
1209
1209
1209
1209
1209
1210
1210
1210
1210
1211
1211
1211
1211
1211
1211
1211
1211
1211
1211
1212
1212
1212
1212
1212
1212
1212
1212
1212
1213
1213
1213
1213
1213
1214
1214
1214
1214
1214
1214
1214
1215
1215
1215
1215
1215
1215
1215
1215
1215
1215
1216
1216
1216
1216
1216
1216
1217
1217
1217
1217
1217
1217
1217
1217
1217
1218
1218
1218
1218
1218
1218
1218
1218
1218
1220
1220
1220
1220
1220
1220
1220
1220
1220
1220
1221
1221
1222
1222
1222
1224
1224
1224
1224
1224
1224
1224
1224
1224
1225
1225
1225
1225
1225
1225
1225
1225
1225
1227
1227
1227
1227
1227
1227
1227
1227
1227
1230
1230
1230
1231
1231
1231
1231
1233
1234
1234
1234
1235
1235
1235
1235
1235
1235
1237
1237
1237
1237
1237
1237
1237
1237
1238
1238
1238
1238
1238
1238
1238
1238
1238
1238
1240
1240
1240
1240
1240
1240
1240
1240
1240
1240
1241
1241
1241
1241
1241
1241
1241
1241
1241
1241
1242
1242
1242
1242
1242
1246
1246
1246
1246
1246
1246
1246
1246
1247
1247
1250
1250
1250
1250
1250
1250
1250
1250
1250
1251
1251
1251
1251
1251
1251
1251
1251
1252
1252
1252
1252
1252
1252
1252
1253
1254
1254
1254
1254
1254
1254
1254
1254
1254
1256
1256
1256
1260
1260
1260
1260
1260
1260
1260
1260
1260
1261
1261
1261
1261
1261
1261
1261
1261
1269
1269
1269
1269
1269
1269
1271
1271
1271
1271
1271
1271
1271
1272
1272
1272
1272
1272
1272
1272
1272
1273
1274
1274
1274
1274
1276
1276
1276
1276
1276
1276
1276
1276
1276
1278
1278
1278
1279
1279
1279
1279
1279
1279
1279
1279
1279
1280
1281
1281
1281
1281
1281
1281
1281
1281
1282
1282
1282
1282
1282
1286
1286
1286
1286
1287
1287
1287
1287
1287
1287
1287
1288
1288
1302
1302
1302
1302
1302
1302
1302
1302
1304
1304
1304
1305
1305
1310
1310
1310
1310
1312
1312
1312
1312
1312
1312
1312
1312
1317
1317
1317
1317
1317
1319
1319
1319
1319
1319
1319
1319
1319
1319
1320
1320
1320
1320
1320
1320
1320
1322
1322
1322
1322
1322
1323
1323
1323
1323
1323
1323
1323
1323
1324
1324
1324
1324
1324
1324
1324
1324
1324
1325
1325
1325
1325
1325
1325
1325
1325
1326
1326
1326
1326
1326
1326
1326
1326
1327
1327
1327
1327
1328
1328
1328
1328
1328
1328
1328
1328
1329
1330
1330
1330
1330
1330
1330
1330
1332
1332
1332
1332
1332
1332
1333
1333
1334
1334
1334
1334
1337
1338
1338
1338
1338
1338
1341
1341
1341
1342
1342
1342
1342
1344
1344
1344
1344
1344
1344
1344
1344
1345
1345
1345
1345
1345
1345
1345
1347
1347
1347
1347
1347
1347
1347
1347
1347
1348
1348
1349
1349
1349
1349
1349
1349
1349
1349
1349
1350
1350
1350
1350
1352
1352
1352
1352
1352
1353
1353
1353
1353
1353
1353
1353
1354
1354
1354
1354
1354
1354
1354
1354
1354
1354
1355
1355
1355
1355
1357
1357
1357
1357
1357
1357
1357
1357
1357
1357
1358
1358
1359
1359
1359
1359
1359
1359
1359
1361
1362
1362
1363
1363
1363
1363
1363
1363
1363
1363
1364
1364
1364
1364
1365
1365
1366
1366
1366
1366
1366
1366
1366
1375
1375
1375
1375
1375
1375
1375
1375
1375
1375
1376
1376
1376
1376
1376
1376
1376
1376
1376
1376
1377
1377
1377
1377
1377
1377
1377
1396
1396
1396
1396
1396
1396
1396
1396
1396
1396
1396
1396
1400
1400
1400
1400
1400
1406
1406
1406
1406
1406
1406
1411
1414
1414
1414
1414
1414
1424
1424
1424
1424
1424
1424
1424
1426
1426
1426
1426
1426
1426
1426
1427
1427
1427
1427
1427
1427
1427
1428
1428
1428
1428
1428
1428
1428
1433
1434
1434
1434
1435
1435
1435
1435
1435
1435
1435
1436
1436
1436
1436
1436
1436
1436
1436
1438
1438
1438
1438
1438
1443
1443
1443
1443
1443
1446
1446
1447
1447
1447
1447
1450
1450
1450
1450
1450
1451
1451
1451
1451
1452
1452
1452
1452
1452
1452
1452
1452
1452
1453
1453
1453
1453
1453
1453
1456
1456
1456
1456
1456
1457
1457
1457
1457
1457
1457
1458
1459
1459
1459
1460
1460
1460
1460
1460
1460
1460
1461
1461
1461
1461
1464
1464
1464
1464
1464
1464
1464
1464
1464
1464
1465
1465
1465
1465
1465
1465
1465
1466
1466
1467
1467
1467
1467
1467
1467
1467
1467
1467
1468
1468
1468
1468
1468
1468
1468
1468
1468
1469
1469
1469
1469
1469
1469
1470
1470
1470
1470
1470
1471
1472
1472
1472
1472
1472
1472
1472
1472
1473
1473
1473
1473
1473
1473
1473
1473
1473
1473
1474
1474
1474
1474
1474
1474
1474
1474
1474
1474
1475
1475
1475
1475
1475
1475
1476
1476
1476
1476
1476
1476
1476
1476
1476
1476
1477
1477
1477
1477
1477
1477
1477
1478
1478
1478
1478
1478
1478
1478
1478
1478
1478
1480
1480
1480
1480
1480
1480
1480
1480
1480
1481
1481
1483
1483
1483
1483
1484
1484
1484
1484
1484
1484
1484
1484
1485
1485
1485
1485
1485
1485
1485
1485
1485
1485
1485
1485
1488
1488
1488
1488
1488
1490
1490
1490
1490
1490
1491
1491
1491
1491
1491
1491
1491
1491
1491
1491
1492
1493
1493
1493
1493
1493
1493
1493
1493
1493
1494
1494
1494
1494
1494
1494
1495
1495
1495
1495
1495
1495
1495
1495
1495
1495
1496
1496
1496
1496
1496
1496
1496
1496
1496
1497
1497
1497
1498
1498
1498
1498
1498
1498
1498
1498
1499
1499
1499
1499
1499
1499
1501
1501
1501
1501
1501
1501
1501
1502
1502
1502
1502
1502
1502
1502
1502
1504
1504
1504
1504
1504
1504
1504
1504
1504
1504
1505
1506
1508
1508
1508
1508
1508
1508
1508
1508
1508
1508
1509
1509
1509
1509
1509
1509
1509
1509
1510
1510
1510
1510
1510
1510
1510
1510
1510
1512
1512
1512
1512
1513
1513
1513
1513
1513
1513
1513
1514
1514
1514
1514
1514
1516
1516
1516
1517
1517
1517
1517
1517
1517
1517
1517
1517
1518
1518
1518
1519
1520
1520
1520
1521
1521
1521
1521
1521
1521
1524
1524
1524
1524
1524
1524
1525
1525
1525
1526
1528
1528
1528
1528
1530
1530
1532
1532
1532
1532
1532
1532
1532
1534
1534
1534
1534
1534
1534
1534
1534
1535
1535
1535
1535
1538
1538
1538
1538
1538
1538
1539
1539
1539
1539
1539
1539
1539
1540
1540
1540
1540
1540
1540
1540
1544
1545
1545
1545
1547
1547
1547
1547
1547
1547
1548
1548
1548
1548
1548
1552
1552
1552
1555
1555
1555
1555
1557
1557
1557
1557
1559
1559
1559
1559
1559
1559
1559
1559
1560
1560
1561
1561
1561
1561
1561
1561
1561
1561
1561
1563
1564
1564
1564
1564
1564
1564
1566
1566
1566
1566
1566
1566
1566
1566
1566
1567
1567
1567
1567
1567
1568
1569
1569
1569
1569
1569
1569
1570
1570
1570
1570
1571
1573
1573
1573
1573
1573
1573
1574
1574
1574
1574
1574
1574
1574
1574
1574
1575
1580
1580
1580
1580
1580
1580
1583
1583
1583
1583
1583
1583
1583
1584
1584
1584
1584
1586
1587
1587
1587
1587
1587
1587
1587
1587
1588
1588
1588
1588
1588
1588
1588
1590
1590
1591
1591
1591
1591
1591
1591
1591
1591
1591
1593
1593
1593
1593
1593
1593
1593
1594 1604
1602
1602
1602
1602
1603
1603
1603
1603
1603
1603
1603
1603
1603
1612
1612
1612
1612
1612
1612
1612
1612
1612
1612
1613
1613
1613
1613
1613
1613
1613
1613
1615
1615
1615
1615
1615
1615
1616
1616
1616
1616
1616
1616
1620
1620
1620
1622
1622
1622
1622
1622
1622
1624
1624
1624
1624
1624
1624
1624
1624
1625
1625
1625
1625
1625
1625
1625
1625
1625
1625
1626
1626
1626
1626
1626
1626
1626
1626
1627
1627
1627
1627
1627
1627
1627
1627
1627
1628
1628
1628
1628
1628
1628
1629
1629
1630
1631
1631
1631
1631
1631
1631
1631
1631
1632
1632
1632
1632
1632
1632
1632
1632
1633
1633
1633
1633
1633
1633
1635
1635
1635
1635
1635
1635
1635
1636
1636
1636
1638
1638
1638
1639
1639
1639
1639
1639
1639
1639
1639
1639
1639
1640
1641
1641
1642
1642
1642
1642
1642
1642
1642
1642
1642
1642
1643
1643
1643
1643
1643
1643
1643
1643
1643
1644
1644
1644
1644
1644
1644
1644
1644
1645
1645
1645
1645
1645
1645
1645
1647
1647
1647
1647
1647
1647
1647
1647
1649
1649
1649
1649
1649
1649
1649
1649
1649
1649
1650
1650
1650
1650
1651
1651
1651
1651
1651
1651
1651
1651
1651
1652
1652
1652
1652
1652
1652
1652
1652
1653
1653
1653
1653
1653
1653
1653
1654
1654
1654
1654
1654
1654
1654
1654
1654
1655
1655
1655
1655
1655
1655
1655
1655
1655
1655
1656
1656
1656
1656
1656
1656
1656
1656
1656
1656
1657
1657
1657
1658
1658
1658
1658
1658
1658
1658
1658
1660
1660
1660
1660
1660
1660
1660
1661
1661 2100 2102 2118 2473 2477 2478
1661 1919 2081 2095 2106 2487
1661
1661
1661 2107 2116
1664
1664
1664
1664
1664
1664
1664
1664
1665
1665
1665
1665
1665
1665
1665
1665
1665
1667
1667
1667
1667
1667
1667
1667
1667
1667
1669
1669
1669
1669
1670
1670
1670
1670
1670
1670
1671
1671
1671
1671
1671
1672
1672
1672
1672
1672
1672
1672
1675
1675
1676
1676
1676
1676
1676
1676
1678
1678
1678
1678
1678
1678
1678
1678
1678
1678
1680
1680
1680
1680
1680
1680
1680
1680
1680
1681
1681
1681
1681
1681
1681
1681
1682
1682
1683
1683
1683
1683
1683
1683
1684
1684
1685
1685
1685
1685
1685
1685
1685
1686
1686
1686
1686
1686
1686
1686
1686
1687
1687
1687
1687
1687
1687
1687
1687
1688
1689
1689
1690
1690
1691
1691
1695
1695
1695
1697
1697
1697
1700
1700
1700
1700
1700
1700
1701
1701
1701
1701
1701
1701
1701
1701
1701
1701
1704
1704
1704
1704
1704
1704
1704
1704
1704
1705
1705
1705
1705
1706
1706
1706
1706
1706
1706
1706
1706
1706
1706
1707
1707
1707
1707
1707
1707
1707
1707
1708
1708
1708
1708
1708
1708
1708
1708
1709
1709
1709
1709
1709
1709
1709
1709
1710
1710
1710
1710
1710
1710
1710
1710
1711
1711
1711
1711
1711
1711
1711
1711
1711
1712
1712
1712
1713
1713
1713
1713
1713
1713
1713
1713
1713
1714
1714
1714
1714
1714
1714
1714
1714
1715
1715
1715
1715
1715
1715
1715
1715
1715
1715
1717
1717
1717
1717
1717
1717
1717
1717
1717
1717
1718
1718
1718
1718
1718
1718
1718
1718
1718
1719
1719
1719
1719
1719
1720
1720
1720
1720
1720
1720
1720
1720
1720
1720
1721
1721
1721
1721 1724
1721
1721
1722
1722
1722
1722
1722
1722
1723
1723
1723
1724
1724
1724
1724
1724
1724
1724
1724
1724
1725
1726
1726
1727
1727
1727
1727
1727
1728
1728
1729
1729
1729
1729
1729
1729
1729
1729
1731
1731 1757
1732
1732
1732
1732
1732
1733
1733
1733
1733
1733
1734
1734
1734
1734
1734
1735
1735
1736
1736
1736
1736
1736
1736
1737
1737
1737
1737
1737
1737
1737
1737
1737
1737
1738
1738
1738
1738
1739
1739
1739
1739
1740
1740
1740
1740
1740
1740
1744
1744
1744
1744
1744
1744
1744
1744
1745
1745
1746
1746
1746
1746
1747
1747
1747
1749
1749
1749
1750
1750
1750
1750
1750
1750
1750
1750
1751
1751
1751
1751
1751
1751
1752
1752
1752
1752
1753
1753
1753
1753
1753
1753
1754
1754
1754
1754
1754
1754
1754
1755
1755
1755
1755
1755
1755
1755
1756
1756
1756
1756
1756
1756
1756
1756
1757
1757
1757
1757
1757
1757
1757
1758
1758
1758
1758
1764
1764
1764
1764
1764
1764
1764
1764
1764
1764
1765
1765
1772
1772
1772
1772
1773
1773
1773
1773
1773
1773
1773
1773
1774
1774
1774
1774
1774
1775
1775
1775
1775
1775
1775
1775
1775
1775
1776
1776
1776
1776
1776
1776
1777
1777
1777
1777
1777
1777
1777
1777
1777
1778
1778
1779
1779
1779
1779
1779
1779
1780
1780
1780
1780
1780
1780
1780
1782
1782
1782
1782
1782
1783
1783
1783
1783
1784
1786
1786
1787
1787
1787
1787
1787
1787
1787
1788
1788
1788
1788
1789
1789
1789 1796 1798
1789
1789
1789
1789
1790
1790
1790
1790
1790
1791
1791
1791
1791
1791
1792
1792
1792
1793 1795
1793
1794
1794
1794
1794
1794
1794
1795
1795
1795
1795
1796
1796
1796
1796
1797
1797
1797
1797
1797
1797
1797
1798
1798
1800
1800
1803
1803
1804
1804
1804
1804
1804
1804 1806
1805
1805
1805
1805
1806
1806
1806
1806
1809
1809
1809
1809
1809
1809
1809
1809
1810
1810
1810
1810
1810
1811
1811
1811
1811
1811
1811
1811
1812
1813
1813
1813
1813
1813
1813
1814
1814
1814
1814
1814
1814
1815
1815
1815
1815
1815
1815
1816
1816
1816
1817
1817
1817
1820
1820
1820
1820
1820
1820
1820
1820
1820
1823
1823
1823
1823
1823
1824
1824
1824
1824
1824
1824
1824
1825
1825
1825
1825
1825
1825
1825
1827
1827
1827
1827
1827
1827
1827
1827
1828
1828
1828
1828
1828
1828
1828
1828
1829
1829
1829
1829
1829
1829
1829
1829
1830
1830
1830
1830
1830
1830
1830
1830
1830
1831
1831
1831
1831
1831
1831
1831
1831
1832
1832
1832
1832
1832
1832
1832
1832
1834
1834
1834
1834
1834
1834
1834
1836
1836
1836
1836
1836
1836
1837
1838
1838
1838
1838
1838
1838
1838
1838
1838
1839
1840
1840
1840
1840
1840
1840
1840
1840
1841
1841
1841
1841
1841
1841
1841
1841
1841
1841
1842
1842
1844
1844
1844
1844
1844
1844
1845
1845
1846
1846
1846
1846
1846
1846
1846
1846
1847
1847
1847
1847
1847
1847
1847
1847
1847
1847
1848
1848
1849
1849
1849
1850
1850
1850
1850
1850
1850
1850
1850
1851
1851
1851
1851
1852
1852
1852
1852
1852
1852
1852
1852
1852
1853
1853
1854
1854
1854
1855
1855
1856
1856
1856
1856
1856
1856
1856
1856
1856
1856
1857
1857
1857
1857
1857
1857
1857
1857
1858
1858
1859
1859
1859
1860
1861
1861
1861
1861
1861
1861
1861
1861
1861
1861
1862
1862
1862
1862
1862
1862
1862
1862
1862
1862
1863
1863
1863
1863
1863
1863
1863
1863
1863
1865
1865
1865
1865
1865
1865
1865
1865
1865
1867
1867
1867
1867
1867
1867
1867
1867
1867
1867
1868
1868
1868
1868
1868
1868
1868
1868
1868
1868
1869
1869
1869
1869
1869
1870
1870
1870
1870
1870
1870
1870
1870
1870
1870
1873
1873
1873
1873
1873
1873
1873
1873
1875
1876
1876
1876
1876
1876
1876
1876
1876
1876
1876
1879
1879
1879
1879
1879
1879
1879
1879
1879
1882
1882
1882
1882
1882
1882
1882
1882
1882
1882
1883
1883
1883
1883
1883
1884
1884
1884
1884
1884
1884
1885
1886
1888
1888
1888
1888
1888
1888
1888
1889
1889
1889
1890
1890
1890
1891
1891
1891
1891
1891
1891
1892
1892
1893
1893
1893
1893
1894
1894
1894
1894
1894
1894
1895
1895
1895
1895
1895
1896
1896
1896
1896
1896
1897
1897
1897
1898
1898
1898
1898
1899
1899
1899
1901
1901
1901
1901
1901
1901
1901
1902
1902
1903
1903
1903
1903
1903
1904
1904
1904
1904
1904
1904
1904
1904
1904
1904
1906
1906
1906
1906
1906
1907
1907
1907
1907
1907
1907
1907
1908
1908
1908
1908
1908
1909
1909
1909 2118 2211
1909
1909
1909
1910
1911
1911
1911 1914 1917 2477
1911
1911
1912
1912
1912
1913 2688
1913 2119 2631
1913
1913
1913
1914 2067 2215
1914
1915
1915
1915
1915
1915
1915
1916 1924 2102 2115 2475 2482 2631 2688
1916
1916
1916
1919 1925
1919
1920 2482
1920
1920
1920
1921
1921
1921
1921
1921
1923
1923
1924
1924
1924
1924
1924
1925
1925
1925 2478
1925
1925
1926
1926
1926
1928
1929
1929
1929
1929
1929
1929
1929
1929
1929
1931
1931
1931
1932 2198 2203
1932
1933
1933
1933
1933
1933
1933
1933
1933
1933
1933
1933
1933
1933
1933
1934
1934
1934
1934
1934
1934
1934
1936
1936
1936
1936
1936
1936
1936
1936
1938
1938
1938
1938
1938
1938
1938
1938
1938
1939
1939
1939
1939
1939
1939
1939
1939
1940
1940
1940
1940
1940
1940
1940
1940
1941
1941
1941
1941
1941
1941
1941
1941
1941
1941
1942
1942
1942
1943
1943
1943
1943
1943
1943
1943
1943
1943
1944
1944
1944
1944
1944
1944
1944
1944
1944
1944
1946
1946
1946
1946
1946
1946
1950
1952
1952
1952
1952
1952
1952
1952
1953
1953
1953
1953
1954
1957
1958
1959
1959
1959
1962
1962
1963
1964
1970
1977
1979
1979
1979
1979
1979
1979
1980
1980
1980
1980
1981
1981
1982
1982
1982
1982
1982
1982
1982
1982
1982
1982
1984
1984
1984
1984
1984
1984
1988
1989
1989
1991
1991
1991
1991
1991
1991
1991
1991
1991
1993
1993
1993
1993
1993
1994
1996
1999
1999
2000
2000
2000
2000
2000
2005
2005
2005
2008
2008
2008
2008
2009
2011
2014
2015
2016
2016
2017
2017 2428 2813
2017
2017
2017
2017
2017
2021
2021
2021
2021
2021
2021
2021
2023
2023
2023
2024
2024
2024
2024
2024
2027
2029
2029
2029
2029 2055
2030
2030
2030
2030
2033
2039
2049
2049
2051
2051
2051
2051
2055
2055
2055
2055
2055
2060
2062
2062
2062
2062
2062
2062
2062
2062
2064 2208
2064 2208
2064
2064
2064 2208
2067
2067
2069
2070
2070
2070
2070
2070
2070
2070
2070
2073 2104
2073
2073
2076 2802
2077
2077
2081 2100
2084
2084
2084
2084
2084
2084
2084
2084
2086
2086
2086
2089 2236
2091
2091
2092
2094
2094
2094 2106 2216
2095
2096
2096 2119 2688
2097
2097
2097
2097
2097
2097
2098
2098
2100
2102
2102
2103
2103
2104
2104
2106
2107
2107
2109
2110
2110
2110
2110
2110
2113
2113
2113
2114
2118
2119
2119
2121
2122
2125
2125
2125
2125
2125
2125
2125
2125
2125
2126
2126
2126
2126
2126
2126 2132
2126
2126
2126
2126
2127
2127
2127
2127
2127
2127
2127
2127
2127
2128
2129
2129
2129
2129
2129
2129
2129
2129
2130
2130
2130
2131
2131
2131
2131
2131
2131
2131
2131
2132
2132
2132
2132
2132
2132
2132
2132
2133
2133
2133
2133
2134
2134
2135
2135
2135
2135
2135
2135
2135
2135
2135
2136
2137
2137
2137
2137
2137
2137
2138
2138
2138
2138
2138
2138
2138
2138
2139
2139
2139
2139
2139
2139
2139
2139
2139
2140
2140
2140
2140
2140
2140
2140
2140
2141
2141
2141
2141
2141
2141
2141
2141
2141
2141
2142
2142
2142
2142
2142
2142
2142
2142
2142
2145
2145
2145
2148
2148
2148
2148
2148
2148
2148
2148
2148
2148
2150
2150
2150
2150
2150
2150
2150
2150
2150
2150
2151
2151
2151
2151
2151
2151
2151
2151
2151
2151
2151
2152
2152
2152
2152
2152
2152
2152
2152
2152
2152
2153
2153
2153
2153
2153
2153
2153
2153
2153
2154
2154
2154
2154
2154
2154
2154
2154
2154
2154
2155
2155
2155
2155
2155
2155
2155
2155
2155
2155
2156
2156
2156
2156
2156
2156
2156
2156
2157
2157
2157
2157
2157
2157
2157
2157
2157
2158
2158
2158
2158
2158
2158
2158
2158
2158
2158
2159
2160
2160
2161
2161
2161
2163
2163
2163
2164
2164
2164
2164
2164
2166
2166
2166
2166
2166
2166
2169
2169
2169
2169
2169
2169
2170
2170
2170
2171
2171
2171
2171
2171
2171
2171
2171
2171
2172
2172
2172
2172
2172
2172
2172
2172
2173
2173
2173
2173
2173
2174
2174
2174
2174
2174
2174
2174
2174
2174
2175
2175
2175
2175
2175
2175
2175
2175
2176
2176
2176
2176
2176
2176
2176
2176
2176
2176
2177
2177
2177
2177
2177
2177
2177
2177
2177
2177
2177
2178
2178
2178
2178
2178
2178
2178
2179
2179
2179
2179
2179
2179
2179
2179
2180
2180
2180
2180
2180
2180
2181
2181
2181
2181
2181
2181
2181
2181
2181
2182
2182
2183
2184
2184
2184
2184
2184
2184
2184
2184
2184
2184
2185
2185
2185
2185
2185
2185
2185
2185
2185
2186
2186
2186
2186
2186
2186
2186
2186
2190
2190
2190
2192
2192
2192
2192
2192
2193
2193
2194
2194
2195
2195
2195
2195
2195
2196
2197
2197
2197
2197
2197
2199
2199
2200
2200
2200
2200
2200
2200
2200
2200
2200
2201
2201
2202
2202
2206
2206
2206
2206
2206
2206
2206
2208
2208
2208
2208
2211
2215
2215
2219
2219
2220
2220
2220
2221 2241
2222
2224
2224
2224
2224
2224
2225
2227
2227
2227
2227
2228
2228
2228
2228
2229
2229
2230
2230
2232
2232
2233
2234
2234
2237
2237
2237
2237
2237
2237
2237
2240
2240
2244
2246
2246
2246
2246
2249
2249
2249
2249
2249
2249
2251
2251
2252
2253
2253
2253
2253
2253
2254
2254
2254
2254
2254
2254
2254
2254
2255
2255
2255
2255
2255
2255
2255
2255
2255
2255
2256
2256
2258
2258
2258
2258
2258
2258
2258
2258
2258
2258
2260 2268
2260 2268
2260 2268
2260 2268
2263 2271
2263 2271
2263 2271
2263 2271
2263 2271
2263 2271
2265 2273
2265 2273
2266
2266
2266
2266
2266
2266
2266
2266
2274
2274
2276
2276
2276
2276
2278
2278
2280
2280
2280
2280
2280
2282
2282
2282
2282
2282
2282
2282
2284
2284
2285
2286
2286
2286
2286
2286
2286
2286
2288
2288
2288
2288
2288
2288
2290
2290
2290
2290
2290
2290
2290
2290
2290
2292
2293
2293
2293
2294
2294
2295
2295
2296
2296
2296
2296
2296
2296
2296
2296
2296
2298
2300
2300
2301
2301
2301
2301
2301
2301
2301
2303
2303
2304
2306
2306
2306
2306
2306
2306
2306
2306
2306
2308
2308
2309 2332 3022
2310
2310
2310
2310
2310
2310
2310
2310
2310
2310
2311
2311
2311
2311
2311
2312
2312
2312
2312
2312
2312
2312
2313
2313
2313
2313
2313
2313
2313
2315
2315
2315
2315
2315
2316
2320
2320
2320
2320
2320
2320
2320
2320
2323
2325
2325
2325
2325
2325
2325
2325
2325
2326
2326
2326
2326
2326
2326
2326
2326
2327
2327
2327
2328
2328
2328
2328
2328
2328
2329
2329
2329
2329
2331
2331
2331
2331
2331
2331
2331
2331
2331
2333
2333
2333
2333
2333
2333
2333
2333
2333
2333
2333
2333
2333
2334
2334
2334
2334
2334
2336
2336
2336
2336
2336
2336
2336
2336
2337
2337
2337
2337
2337
2337
2338
2338
2338
2338
2339
2339
2340
2340
2340
2340
2340
2340
2340
2341
2341
2342
2342
2342
2344
2344
2344
2344
2344
2344
2344
2345
2345
2345
2346
2346
2346
2346
2346
2346
2346
2351
2352
2352
2352
2352
2352
2352
2352
2358
2358
2359
2359
2359
2359
2359
2359
2359
2359
2360
2360
2360
2360
2360
2360
2360
2361
2362
2362
2362
2362
2362
2362
2362
2363 2533
2365
2367
2367
2369
2369
2369
2370
2370
2370
2370
2370
2370
2370
2370
2372
2373
2373
2373
2374
2374
2374
2374
2375
2375
2375
2375
2375
2375
2375
2375
2375
2376
2376
2376
2376
2376
2376
2376
2377
2377
2377
2377
2377
2377
2377
2377
2378
2378
2379
2379
2379
2380
2380
2380
2380
2380
2380
2380
2381
2381
2381
2382
2382
2382
2382
2382
2382
2382
2382
2382
2384
2384
2384
2384
2384
2384
2384
2384
2384
2384
2384
2385
2385
2386
2386
2387
2387
2387
2387
2387
2387
2387
2387
2387
2387
2389
2389
2389
2389
2389
2389
2389
2389
2389
2391
2392
2392
2393 2398
2393
2394
2394
2397
2398
2398
2398
2400
2400
2401
2401
2405
2405
2406
2406
2406
2408
2408
2408
2408
2408
2408
2408
2408
2408
2416
2417
2418
2419
2419
2419
2420
2423
2423
2424
2424
2424
2424
2424
2425
2425
2428
2430
2430
2430
2431
2444
2444
2445
2445
2445
2445
2446
2446
2446
2447
2447
2447
2447
2449
2449
2451
2451
2451
2451
2451
2452
2452
2452
2452
2452
2453
2455
2455
2456
2467
2467
2467
2467
2467
2467
2467
2467
2467
2467
2472
2472
2473
2473
2473
2474
2474
2474
2474
2474
2474
2474
2475
2475
2475
2475
2475
2475
2475
2476
2476
2476
2477
2477
2477
2477
2478
2478
2478
2480
2480
2480
2480
2480
2480
2480
2481
2481
2481
2481
2481
2481
2481
2481
2481
2482
2483
2483
2484
2484
2484
2484
2484
2484
2484
2484
2484
2484
2484
2485
2486
2486
2486
2486
2486
2487
2487
2487
2487
2487
2487
2488
2488
2488
2488
2488
2488
2488
2488
2488
2490
2490
2490
2490
2490
2490
2490
2491
2491
2491
2491
2491
2491
2491
2491
2491
2491
2493
2493
2493
2493
2493
2493
2493
2493
2493
2494
2494
2498
2498
2498
2498
2498
2498
2498
2498
2500
2500
2500
2501
2501
2501
2501
2501
2501
2501
2501
2501
2501
2503
2504
2504
2505
2505
2505
2505
2506
2506
2506
2506
2506
2506
2506
2506
2507
2507
2507
2507
2507
2507
2507
2507
2507
2508
2508
2508
2508
2508
2508
2508
2508
2508
2509
2509
2509
2509
2509
2509
2509
2510
2510
2510
2510
2510
2510
2510
2511
2511
2511
2511
2511
2511
2511
2512
2512
2512
2513
2513
2513
2513
2513
2513
2513
2514
2514
2514
2514
2514
2514
2515
2515
2515
2515
2515
2515
2515
2515
2515
2517
2517
2517
2517
2517
2519
2519
2519
2519
2519
2519
2519
2519
2519
2520
2520
2520
2520
2520
2520
2520
2520
2520
2520
2521
2521
2521
2522
2522
2522
2522
2523
2523
2523
2523
2523
2523
2524
2524
2524
2524
2524
2524
2524
2524
2524
2524
2525
2525
2525
2525
2525
2525
2525
2525
2525
2525
2526
2526
2526
2526
2526
2527
2527
2527
2527
2527
2527
2527
2527
2527
2528
2528
2528
2528
2528
2528
2528
2528
2529
2529
2529
2529
2529
2529
2529
2529
2529
2529
2530
2530
2530
2530
2530
2530
2530
2531
2531
2531
2531
2532
2532
2532
2532
2532
2532
2535
2535
2535
2535
2535
2535
2535
2536
2536
2536
2536
2536
2536
2536
2538
2538
2538
2538
2538
2539
2539
2539
2539
2539
2539
2540
2540
2540
2540
2540
2540
2541
2543
2543
2543
2543
2543
2543
2543
2543
2544
2544
2544
2544
2544
2544
2544
2544
2544
2544
2547
2547
2547
2547
2547
2547
2548
2548
2548
2549
2549
2549
2549
2549
2549
2549
2549
2549
2551
2551
2552
2552
2552
2552
2552
2552
2552
2554
2554
2554
2554
2554
2554
2558
2558
2558
2558
2558
2558
2558
2560
2560
2560
2560
2560
2560
2560
2560
2560
2561
2566
2566
2566
2566
2566
2566
2566
2566
2566
2566
2567
2567
2567
2567
2567
2567
2567
2567
2568
2568
2568
2568
2568
2568
2568
2568
2568
2568
2569
2569
2569
2569
2569
2569
2569
2570
2570
2570
2570
2570
2571
2571
2571
2571
2572
2572
2572
2572
2576
2576
2576
2576
2576
2576
2578
2578
2578
2578
2578
2578
2578
2578
2578
2578
2578
2579
2579
2579
2579
2579
2579
2579
2579
2579
2580
2580
2580
2580
2580
2580
2580
2580
2582
2582
2582
2582
2582
2582
2582
2582
2582
2582
2583
2583
2583
2583
2583
2583
2583
2585
2585
2585
2585
2585
2586
2586
2586
2586
2586
2586
2586
2586
2586
2586
2587
2587
2587
2587
2587
2587
2587
2587
2587
2587
2588
2588
2588
2589
2589
2589
2589
2589
2589
2589
2589
2589
2590
2590
2590
2590
2590
2590
2590
2590
2590
2590
2591
2591
2591
2591
2591
2591
2591
2591
2591
2591
2592
2592
2592
2592
2592
2594
2594
2594
2594
2594
2594
2594
2594
2594
2594
2594
2595
2595
2595
2595
2595
2595
2595
2595
2595
2596
2596
2596
2596
2599
2599
2599
2599
2599
2602
2604
2605
2605
2605
2605
2605
2605
2605
2605
2605
2607
2607
2607
2607
2607
2607
2607
2607
2607
2608
2608
2608
2608
2608
2608
2608
2608
2608
2609
2609
2609
2609
2609
2609
2609
2609
2609
2609
2610
2610
2610
2610
2610
2611
2611
2611
2611
2611
2611
2611
2612
2613
2613
2613
2613
2613
2613
2613
2614
2614
2614
2614
2614
2614
2614
2616
2616
2616
2616
2616
2616
2616
2616
2616
2616
2616
2616
2616
2616
2616
2616
2616
2616
2616
2616
2616
2616
2616
2616
2616
2617
2617
2617
2617
2617
2617
2617
2617
2617
2618
2618
2618
2618
2618
2618
2618
2618
2620
2620
2620
2620
2620
2620
2620
2620
2620
2621
2621
2621
2621
2621
2622
2622
2622
2622
2622
2622
2624
2624
2624
2624
2624
2624
2624
2624
2624
2624
2627
2627
2627
2627
2627
2627
2627
2630
2630
2630
2630
2630
2630
2630
2630
2630
2631
2632
2635
2635
2635
2635
2638
2638
2638
2641
2641
2641
2641
2643
2643
2643
2643
2645
2645
2645
2645
2645
2645
2645
2647
2647
2647
2647
2647
2647
2647
2647
2648
2648
2648
2648
2648
2649
2649
2650
2650
2650
2650
2650
2651
2651
2656
2656
2658
2658
2658
2658
2659
2659
2659
2659
2659
2659
2659
2659
2661
2661
2661
2661
2661
2661
2661
2661
2661
2661
2662
2662
2662
2662
2662
2662
2662
2662
2662
2662
2665
2665
2665
2665
2666
2667
2667
2667
2668
2668
2668
2668
2668
2669
2669
2671
2671
2671
2672
2672
2672
2674
2674
2674
2674
2674
2674
2675 2684 3169
2676
2676
2676
2676
2676
2676
2677
2677
2678
2678
2678
2678
2678
2678
2678
2678
2678
2682
2682
2682
2682
2682
2683
2683
2683
2683
2683
2683
2683
2683
2683
2683
2685
2685
2685
2685
2685
2685
2685
2685
2685
2688
2688
2688
2688
2689
2689
2690
2692
2692
2692
2692
2692
2697
2697
2697
2697
2697
2697
2697
2697
2699
2699
2699
2699
2699
2699
2699
2699
2700
2700
2700
2700
2700
2700
2701
2701
2702
2705
2705
2706
2706
2706
2706
2706
2706
2706
2707
2707
2708
2708
2708
2711
2711
2711
2711
2711
2711
2711
2712
2712
2712
2712
2712
2713
2713
2713
2713
2713
2713
2713
2713
2714
2714
2714
2714
2714
2714
2715
2715
2715
2715
2715
2715
2715
2715
2715
2716
2716
2716
2716
2716
2716
2716
2717
2717
2717
2717
2717
2717
2717
2718
2718
2718
2719
2719
2719
2719
2719
2719
2720
2720
2720
2720
2720
2720
2720
2720
2721
2721
2722
2722
2722
2722
2722
2722
2722
2723
2723
2723
2723
2723
2724
2724
2724
2724
2724
2724
2724
2724
2724
2725
2725
2725
2727
2727
2727
2728
2729
2729
2729
2729
2729
2730
2730
2730
2730
2730
2730
2730
2730
2730
2731
2731
2732
2733
2733
2733
2733
2733
2734
2734
2734
2735
2735
2735
2735
2735
2735
2735
2737
2737
2737
2737
2737
2737
2737
2737
2737
2739
2739
2739
2739
2739
2740
2740
2740
2740
2740
2740
2740
2740
2743
2743
2743
2743
2743
2743
2743
2743
2743
2743
2744
2744
2744
2744
2744
2745
2745
2745
2746
2746
2746
2746
2746
2749
2749
2749
2749
2749
2749
2749
2750
2750
2750
2750
2750
2750
2751
2751
2751
2751
2751
2751
2751
2751
2752
2752
2752
2754
2754
2755
2755
2755
2755
2755
2755
2755
2755
2756
2756
2758
2758
2758
2758
2758
2758
2758
2758
2758
2758
2759
2759
2759
2759
2759
2759
2759
2759
2759
2759
2760
2760
2760
2760
2760
2760
2762
2762
2762
2763
2763
2763
2763
2763
2763
2763
2766
2766
2766
2767
2767
2768
2768
2768
2768
2768
2768
2768
2768
2768
2768
2769
2769
2769
2769
2769
2769
2769
2769
2770
2770
2770
2770
2770
2771
2771
2772
2772
2772
2772
2772
2774
2774
2774
2774
2774
2776
2776
2776
2776
2776
2776
2779
2779
2779
2779
2779
2779
2779
2780
2780
2780
2780
2780
2780
2780
2781
2781
2781
2781
2781
2781
2782
2782
2782
2782
2782
2782
2782
2782
2782
2783
2783
2783
2783
2783
2783
2785
2785
2785
2785
2785
2785
2787
2788
2788
2788
2788
2788
2788
2789
2789
2790
2790
2790
2790
2790
2792
2792
2792
2792
2792
2792
2793
2793
2793
2793
2793
2794
2794
2794
2794
2794
2794
2794
2794
2794
2794
2796
2796
2796
2796
2796
2796
2796
2796
2796
2797
2797
2797
2797
2798
2798
2798
2798
2798
2798
2798
2798
2799
2799
2799
2799
2799
2799
2799
2799
2799
2799
2801
2801
2801
2801
2801
2801
2801
2801
2801
2801
2802
2802
2802
2802
2802
2802
2803
2803
2803
2803
2803
2803
2807
2807
2807
2809
2809
2809
2810
2810
2810
2810
2813
2814
2814
2814
2814
2814
2814
2814
2814
2815
2816
2816
2816
2816
2816
2816
2816
2816
2816
2817
2817
2817
2817
2817
2817
2817
2817
2817
2817
2819
2820
2820
2820
2820
2820
2820
2820
2820
2820
2823
2824
2824
2825
2825
2825
2826
2828
2828
2828
2828
2828
2828
2830
2830
2830
2830
2830
2830
2830
2830
2830
2831
2831
2831
2831
2831
2831
2831
2832
2832
2832
2832
2832
2832
2832
2832
2832
2833
2833
2833
2833
2833
2833
2833
2835
2836
2836
2837
2837
2837
2837
2837
2837
2837
2837
2837
2838
2838
2838
2838
2838
2838
2838
2838
2838
2840
2840
2840
2840
2840
2840
2840
2840
2840
2842
2842
2842
2842
2842
2842
2842
2842
2842
2843
2843
2843
2843
2843
2844
2844
2844
2844
2844
2844
2844
2844
2844
2844
2845
2845
2845
2845
2847
2847
2847
2847
2847
2847
2847
2847
2847
2848
2848
2848
2848
2849
2849
2849
2849
2849
2849
2849
2849
2849
2851
2852
2852
2852
2852
2852
2852
2853
2853
2853
2853
2855
2855
2855
2855
2855
2855
2855
2855
2855
2857
2857
2857
2857
2857
2857
2858
2858
2858
2858
2858
2858
2858
2861
2861
2861
2861
2861
2861
2862
2862
2862
2862
2862
2862
2862
2863
2863
2864
2864
2864
2864
2864
2864
2864
2864
2867
2867
2867
2867
2867
2867
2867
2868
2868
2868
2868
2868
2868
2868
2868
2868
2870
2870
2871
2871
2871
2871
2871
2871
2871
2871
2873
2873
2873
2875
2875
2875
2875
2875
2876
2876
2876
2876
2876
2876
2876
2876
2876
2876
2878
2878
2878
2878
2878
2879
2879
2879
2879
2879
2879
2879
2879
2880
2880
2880
2880
2880
2880
2880
2880
2880
2881
2881
2881
2882
2882
2882
2882
2882
2882
2882
2882
2882
2883
2883
2883
2883
2883
2883
2883
2885
2885
2885
2885
2885
2885
2885
2885
2885
2886
2886
2886
2886
2886
2886
2886
2886
2886
2887
2887
2887
2887
2887
2887
2887
2887
2887
2887
2888
2888
2888
2888
2888
2888
2888
2888
2888
2889
2889
2889
2889
2889
2889
2889
2889
2889
2890
2890
2890
2890
2890
2890
2890
2890
2891
667 2891
2891
2891
2891
2891
2891
2891
2891
2892
2892
2892
2892
2892
2892
2892
2894
2894
2894
2894
2894
2894
2894
2894
2894
2895
2895
2895
2895
2895
2895
2896
2896
2896
2896
2896
2896
2897
2897
2897
2898
2898
2898
2898
2898
2898
2898
2900
2900
2900
2900
2900
2900
2900
2900
2900
2900
2901
2901
2902
2902
2902
2902
2902
2902
2902
2902
2903
2903
2903
2903
2903
2903
2903
2903
2903
2903
2904
2904
2904
2904
2904
2904
2904
2904
2904
2904
2908
2908
2908
2908
2908
2908
2908
2908
2908
2910
2910
2910
2910
2910
2910
2910
2910
2912
2912
2912
2912
2912
2912
2912
2912
2912
2912
2913
2913
2913
2913
2913
2913
2914
2914
2914
2914
2915
2915
2915
2915
2915
2915
2915
2916
2916
2916
2916
2916
2917
2917
2917
2918
2918
2918
2918
2918
2918
2918
2920
2920
2920
2920
2922
2922
2922
2922
2922
2922
2922
2922
2922
2922
2923
2925
2925
2925
2925
2925
2925
2925
2926
2926
2928
2928
2928
2928
2928
2929
2929
2929
2929
2929
2929
2929
2929
2929
2929
2930
2930
2930
2930
2930
2930
2930
2930
2930
2930
2931
2931
2932
2932
2932
2932
2932
2933
2933
2933
2933
2933
2933
2934
2934
2934
2934
2934
2934
2934
2937
2937
2937
2937
2937
2937
2938
2938
2939
2939
2939
2939
2940
2940
2940
2940
2940
2940
2940
2941
2941
2941
2941
2941
2941
2941
2941
2941
2941
2943
2943
2943
2943
2943
2943
2943
2943
2943
2943
2944
2944
2944
2944
2944
2944
2946
2946
2946
2946
2947
2947
2947
2947
2948
2948
2948
2948
2949
2949
2950
2950
2950
2950
2950
2950
2952
2952
2952
2952
2952
2953
2953
2953
2953
2953
2953
2953
2953
2955
2955
2956
2956
2956
2956
2956
2960
2960
2960
2960
2960
2960
2960
2960
2960
2960
2963
2963
2963
2963
2963
2963
2964
2964
2964
2964
2964
2964
2964
2964
2964
2965
2965
2965
2965
2965
2965
2965
2965
2965
2965
2968
2971
2971
2973
2974
2974
2974
2974
2974
2974
2974
2974
2975
2975
2975
2975
2977
2977
2977
2977
2977
2977
2977
2977
2977
2977
2979
2979
2979
2979
2979
2979
2981 3001 3013 3029
2981 3001 3013 3029
2981 3001 3013 3029
2982
2982
2982
2982
2982
2982
2982
2982
2985
2985
2985
2986
2986
2986
2986
2986
2986
2986
2987
2987
2987
2987
2987
2989
2989
2991
2992
2992
2992
2992
2992
2992
2992
2992
2992
2992
2993
2994
2994
2995
2995
2995
2995
2995
2995
2995
2995
2996
2996
2996
2996
2996
2996
2996
2997
2997
2997
2997
2997
2997
2997
2997
2997
2999
2999
2999
2999
2999
2999
2999
2999
3000
3000
3002
3002
3002
3002
3002
3002
3002
3002
3002
3003
3003
3003
3003
3003
3003
3003
3003
3004
3004
3004
3005
3005
3005
3005
3006
3007
3007
3007
3007
3007
3008 3018
3008 3018
3008 3018
3008 3018
3008 3018
3008 3018
3010
3010
3010
3010
3011
3011
3011
3011
3011
3011
3011
3011
3011
3011
3012
3012
3012
3014
3014
3014
3014
3014
3014
3014
3014
3014
3015
3015
3015
3016
3016
3016
3020
3020
3020
3020
3020
3023
3023
3023
3023
3024
3024
3024
3024
3024
3024
3024
3024
3026
3026
3026
3026
3026
3026
3026
3026
3028
3028
3028
3028
3028
3028
3028
3030
3030
3030
3030
3030
3030
3030
3030
3031
3031
3031
3031
3035
3035
3035
3035
3035
3035
3035
3035
3035
3038
3038
3038
3038
3038
3038
3038
3038
3038
3040
3040
3040
3040
3040
3040
3040
3040
3043
3043
3043
3043
3043
3043
3043
3043
3043
3043
3044
3044
3044
3044
3044
3044
3044
3044
3044
3044
3047
3048
3048
3048
3048
3048
3048
3048
3049
3049
3049
3049
3049
3049
3049
3049
3050
3050
3050
3050
3050
3050
3051
3051
3051
3052
3052
3052
3052
3052
3052
3052
3052
3052
3053
3053
3053
3053
3053
3053
3055
3055
3055
3055
3055
3055
3055
3055
3055
3056
3056
3056
3056
3056
3056
3056
3056
3056
3057
3057
3057
3057
3057
3057
3057
3057
3058
3058
3058
3058
3058
3058
3058
3058
3058
3059
3059
3059
3059
3059
3059
3060
3060
3060
3060
3060
3060
3060
3060
3060
3060
3061
3061
3061
3061
3061
3061
3061
3061
3061
3061
3062
3062
3063
3063
3063
3063
3063
3063
3063
3063
3063
3065
3065
3065
3065
3065
3065
3065
3065
3065
3065
3066
3067
3067
3067
3067
3067
3067
3067
3067
3067
3067
3068
3068
3068
3068
3068
3068
3068
3068
3068
3068
3068
3068
3068
3069
3070
3070
3070
3070
3071
3071
3071
3071
3071
3071
3074
3074
3074
3074
3074
3074
3074
3074
3074
3076
3076
3076
3076
3076
3076
3076
3077
3078
3078
3078
3078
3078
3078
3078
3078
3079
3079
3079
3079
3079
3079
3079
3079
3079
3079
3080
3080
3080
3080
3081
3081
3081
3082
3082
3082
3082
3082
3082
3082
3084
3084
3084
3084
3084
3084
3084
3084
3085
3088
3088
3088
3088
3088
3088
3088
3088
3089
3089
3089
3091
3091
3091
3091
3091
3091
3091
3091
3091
3091
3092
3094
3094
3094
3094
3095
3095
3095
3095
3095
3097
3097
3097
3097
3097
3097
3098
3098
3098
3098
3098
3098
3100
3100
3105
3105
3105
3105
3105
3105
3107
3107
3111
3111
3111
3111
3111
3111
3111
3111
3111
3114
3114
3114
3114
3114
3114
3114
3114
3114
3115
3115
3117
3117
3117
3117
3117
3117
3117
3117
3117
3119
3120
3124
3124
3124
3124
3124
3124
3124
3126
3126
3130
3130
3130
3130
3131
3131
3131
3134
3134
3134
3134
3134
3134
3134
3134
3135
3135
3136
3136
3136
3136
3136
3136
3138
3138
3138
3138
3138
3138
3138
3142
3142
3142
3142
3142
3142
3142
3143
3144
3144
3145
3145
3145
3145
3145
3145
3145
3145
3145
3145
3146
3146
3146
3146
3146
3146
3146
3146
3146
3146
3147
3147
3147
3147
3147
3148
3148
3148
3148
3149
3149
3150
3150
3150
3150
3152
3152
3152
3152
3152
3153
3153
3153
3153
3153
3154
3154
3154
3156
3156
3156
3156
3157
3158
3158
3158
3158
3158
3158
3158
3158
3160
3160
3160
3160
3160
3160
3160
3160
3160
3161
3161
3161
3161
3162
3162
3162
3162
3162
3162
3162
3162
3163
3164
3164
3164
3164
3164
3164
3164
3164
3164
3166
3166
3166
3166
3166
3166
3166
3166
3167
3167
3167
3167
3167
3167
3168
3168
3168
3168
3170
3170
3170
3170
3170
3170
3170
3170
3170
3170
3171
3171
3171
3171
3171
3171
3171
3172
3172
3172
3172
3173
3174
3174
3174
3174
3174
3174
3174
3174
3175
3177
3177
3177
3177
3177
3177
3177
3178
3178
3178
3178
3178
3178
3178
3178
3179
3179
3179
3179
3179
3179
3179
3179
3179
3180
3180
3180
3180
3180
3180
3180
3180
3180
3181
3181
3182
3182
3182
3182
3182
3182
3182
3182
3182
3182
3183
3183
3183
3183
3183
3183
3183
3183
3183
3184
3184
3184
3184
3184
3184
3184
3184
3185
3186
3186
3186
3186
3186
3187
3187
3187
3187
3187
3187
3187
3187
3187
3188
3188
3188
3188
3188
3188
3190
3190
3190
3190
3190
3190
3190
3190
3190
3190
3191
3191
3191
3191
3191
3191
3191
3191
3192
3192
3192
3192
3192
3193
3193
3193
3193
3193
3194
3194
3194
3194
3194
3194
3195
3195
3195
3195
3195
3197
3197
3197
3197
3197
3197
3197
3197
3198
3199
3199
3199
3199
3199
3199
3199
3200
3200
3200
3200
3202
3202
3202
3202
3202
3202
3202
3203
3203
3203
3203
3203
3203
3203
3203
3203
3205
3205
3205
3205
3205
3205
3205
3205
3205
3206
3206
3206
3206
3206
3206
3206
3208
3208
3208
3208
3208
3208
3209
3209
3210
3210
3210
3210
3210
3210
3211
3211
3211
3211
3211
3211
3214
3214
3214
3214
3216
3216
3216
3216
3217
3217
3217
3217
3217
3217
3218
3218
3218
3218
3218
3218
3218
3218
3219
3219
3219
3219
3219
3219
3219
3220
3220
3221
3221
3221
3221
3221
3221
3221
3224
3224
3224
3224
3224
3224
3224
3224
3225
3225
3225
3225
3225
3225
3226
3226
3228
3228
3228
3228
3228
3228
3228
3228
3229
3229
3229
3229
3230
3230
3230
3230
3236
3236
3236
3236
3236
3236
3236
3237
3237
3237
3237
3237
3237
3237
3237
3238
3238
3238
3238
3241
3241
3241
3241
3241
3241
3241
3241
3241
3243
3243
3243
3243
3244
3244
3244
3244
3244
3246
3246
3246
3246
3246
3246
3246
3246
3246
3246
3248
3248
3248
3248
3248
3248
3248
3248
