0
0
0
0
0
1
1
1
1
1
1
1
1
2
2
2
2
2
3
3
3
3
3
3
3
4
4
4
4
4
4
4
4
5
5
5
5
5
5
5
5
8
8
9
9
11
11
11
11
11
11
11
14
14
14
14
14
14
15
15
15
15
16
16
17
17
17
17
17
17
17
18
18
18
19
19
19
19
19
20
20
20
20
20
20
20
20
20
20
21
24
24
24
24
24
24
24
24
25
25
25
25
25
25
25
25
27
27
27
27
27
27
27
27
27
28
29
29
30
30
30
30
30
30
30
30
30
31
31
31
31
31
32
32
32
32
34
34
34
35
35
35
35
35
35
35
35
35
36
36
36
36
36
36
36
36
36
36
37
37
37
37
37
37
37
37
37
38
38
38
38
38
38
38
38
38
38
39
39
39
39
39
39
40
40
40
40
40
40
41
41
41
41
41
41
41
41
42
42
42
42
42
42
42
42
42
43
43
43
43
43
43
43
44
44
44
44
46
46
46
46
46
46
46
47
49
49
49
49
49
49
50
50
50
50
50
50
50
50
50
51
51
51
51
51
51
51
51
51
51
53
53
53
53
53
53
53
53
53
56
56
56
56
56
56
56
56
56
57
57
57
57
57
57
57
57
57
60
60
60
60
60
60
62
62
62
62
62
62
62
62
62
62
63
63
63
63
63
63
63
63
66
66
66
66
66
66
66
67
67
67
67
67
67
67
67
67
67
68
68
68
68
68
68
68
69
69
69
69
69
69
69
69
72
73
73
74
74
74
74
76
76
76
76
76
76
77
78
78
78
78
80
80
80
80
80
80
80
80
81
81
83
83
83
83
83
83
83
84
84
84
84
84
84
84
85
85
85
85
85
85
85
85
85
86
86
86
86
86
86
86
86
86
86
87
87
87
87
87
87
88
88
88
88
89
89
89
89
89
89
89
92
92
93
93
93
93
93
93
93
93
94
94
94
94
94
95
95
96
96
96
96
96
96
96
96
96
97
97
97
97
97
97
97
97
97
97
98
98
98
98
98
98
98
98
98
98
98
98
99
99
99
99
99
99
100
100
100
100
100
100
100
100
100
100
101
101
101
101
101
101
101
101
101 125
103
103
103
103
103
103
103
103
104
104
104
104
104
104
105
105
106
106
106
109
109
109
109
109
109
109
115
115
115
115
115
115
115
117
117
117
117
117
117
117
117
117
117
118
118
118
118
118
120
120
121
121
121
121
122
122
122
124
124
124
124
124
124
124
124
124
125
125
125
125
125
125
125
127
127
127
127
127
127
127
127
127
131
131
131
131
131
131
131
136
136
136
136
136
136
136
136
136
137
137
137
137
137
138
138
138
138
138
138
138
138
138
139
139
139
139
139
139
141
141
141
142
143
143
143
143
143
143
143
143
144
144
144
144
144
144
144
144
144
146
146
146
146
146
146
146
146
146
146
148
148
148
148
148
148
148
148
149
149
149
150
150
151
151
151
151
151
151
151
152
152
152
153
153
153
153
153
153
153
154
154
154
154
154
154
155
155
155
155
155
155
155
158
158
158
158
158
158
158
159
159
160
160
160
160
160
160
160
160
160
161
161
161
161
161
161
162
162
162
162
162
162
162
162
163
163
163
163
163
163
163
163
163
163
164
164
164
164
164
164
165
165
165
165
165
165
165
165
165
165
165
165
165
165
165
166
166
166
166
166
166
166
166
166
166
167
168
168
168
168
168
168
168
169
169
170
170
170
170
170
170
170
170
172
172
172
172
172
172
172
172
172
172
172
172
172
172
172
174
174
174
174
174
175
175
175
175
175
175
175
175
175
176
176
176
176
176
176
177
177
177
177
177
177
177
178
178
178
178
178
178
178
178
179
179
179
179
179
179
179
179
179
179
179
179
179
180
180
180
180
181
181
181
181
181
181
182
182
182
182
182
182
183
183
183
183
183
183
183
183
183
183
184
184
184
184
185
185
185
185
185
186
186
186
186
186
187
188
188
188
188
188
188
188
188
188
188
189
189
189
189
189
189
190
190
190
190
190
190
190
196
196
196
196
196
196
196
198
198
198
198
198
199
199
199
199
199
199
199
199
199
200
200
200
200
200
200
200
200
200
201
201
201
201
201
201
201
201
201
201
202
202
202
202
202
202
202
202
203
203
203
203
203
203
203
203
203
204
204
204
204
204
204
204
204
204
205
205
205
205
205
205
205
205
206
206
206
206
206
206
206
206
207
207
207
207
207
207
207
207
207
208
208
208
208
208
208
209
209
209
209
209
209
209
209
209
210
210
210
210
210
210
210
210
210
211
212
212
212
212
212
213
213
213
213
213
213
213
213
213
213
214
214
214
214
214
214
214
214
214
215
215
215
215
215
215
216
216
216
216
216
217
217
217
217
217
217
217
217
217
219
219
219
219
220
221
221
221
221
221
221
221
221
221
222
222
222
222
222
222
222
222
222
223
223
223
224
224
224
224
224
224
224
225
225
225
225
225
225
225
225
225
225
226
226
226
226
226
226
226
226
227
227
227
227
227
227
228
228
230
230
231
233
233
233
233
234
234
234
234
234
234
234
236
236
236
237
237
237
237
237
237
237
238
238
238
238
238
238
238
238
239
239
239
239
241
241
241
241
241
242
242
242
242
242
243
244
244
245
245
245
245
245
247
247
247
247
247
247
247
249
249
249
249
249
249
249
249
251
251
251
251
251
251
251
251
251
252
252
252
252
253
253
253
253
253
253
253
254
254
254
254
254
254
254
254
255
256
256
256
256
256
256
256
256
256
256
258
258
258
258
258
258
259
259
259
259
259
259
260
260
260
260
260
260
260
260
260
262
262
262
262
262
262
262
263
263
263
263
263
263
265
265
265
265
266
266
266
267
267
267
268
268
268
268
268
268
268
268
269
269
269
269
269
269
269
270
270
270
270
270
271
271
271
271
271
271
272
272
272
272
272
272
272
273
273
273
273
273
273
273
273
275
275
275
275
275
275
275
275
276
276
276
276
277
277
278
278
278
278
278
278
278
278
279
279
279
279
279
279
